(000, 000) (064, 000) (128, 000) (192, 000) (256, 000) (320, 000) (384, 000) (448, 000) (512, 000) (576, 000) (640, 000) (704, 000) 768, 832, 896, 960, 1024, 1088, 
(000, 064) (064, 064) (128, 064) (192, 064) (256, 064) (320, 064) (384, 064) (448, 064) (512, 064) (576, 064) (640, 064) (704, 064)
(000, 128) (064, 128) (128, 128) (192, 128) (256, 128) (320, 128) (384, 128) (448, 128) (512, 128) (576, 128) (640, 128) (704, 128)
(000, 192) (064, 192) (128, 192) (192, 192) (256, 192) (320, 192) (384, 192) (448, 192) (512, 192) (576, 192) (640, 192) (704, 192)
(000, 256) (064, 256) (128, 256) (192, 256) (256, 256) (320, 256) (384, 256) (448, 256) (512, 256) (576, 256) (640, 256) (704, 256)
(000, 320) (064, 320) (128, 320) (192, 320) (256, 320) (320, 320) (384, 320) (448, 320) (512, 320) (576, 320) (640, 320) (704, 320)
(000, 384) (064, 384) (128, 384) (192, 384) (256, 384) (320, 384) (384, 384) (448, 384) (512, 384) (576, 384) (640, 384) (704, 384)
(000, 448) (064, 448) (128, 448) (192, 448) (256, 448) (320, 448) (384, 448) (448, 448) (512, 448) (576, 448) (640, 448) (704, 448)

(000, 512) (064, 512) (128, 000) (192, 000) (256, 000) (320, 000) (384, 000) (448, 000) (512, 000) (576, 000) (640, 000) (704, 000)
(000, 576) (064, 576) (128, 064) (192, 064) (256, 064) (320, 064) (384, 064) (448, 064) (512, 064) (576, 064) (640, 064) (704, 064)
(000, 640) (064, 640) (128, 128) (192, 128) (256, 128) (320, 128) (384, 128) (448, 128) (512, 128) (576, 128) (640, 128) (704, 128)
(000, 704) (064, 704) (128, 192) (192, 192) (256, 192) (320, 192) (384, 192) (448, 192) (512, 192) (576, 192) (640, 192) (704, 192)
(000, 768) (064, 768) (128, 256) (192, 256) (256, 256) (320, 256) (384, 256) (448, 256) (512, 256) (576, 256) (640, 256) (704, 256)
(000, 832) (064, 832) (128, 320) (192, 320) (256, 320) (320, 320) (384, 320) (448, 320) (512, 320) (576, 320) (640, 320) (704, 320)
(000, 896) (064, 896) (128, 384) (192, 384) (256, 384) (320, 384) (384, 384) (448, 384) (512, 384) (576, 384) (640, 384) (704, 384)
(000, 960) (064, 960) (128, 448) (192, 448) (256, 448) (320, 448) (384, 448) (448, 448) (512, 448) (576, 448) (640, 448) (704, 448)